1
10
3
6
9
4
7
2
5
8
11
14
29
32
15
12
27
24
45
20
23
44
41
18
35
38
19
16
33
30
53
26
47
22
43
70
21
40
17
34
13
28
25
46
75
42
69
104
37
62
95
58
55
86
51
48
77
114
73
108
151
68
103
64
67
36
39
66
63
96
59
56
87
52
49
78
115
74
71
106
149
102
99
140
61
94
31
54
85
50
79
116
161
76
113
72
107
150
201
146
65
98
139
60
93
90
129
176
125
82
119
164
217
160
111
154
205
264
331
200
101
142
97
138
187
92
89
128
175
84
81
118
163
216
159
110
153
204
105
148
199
144
147
100
141
190
137
186
91
130
57
88
127
174
83
80
117
162
215
112
109
152
203
262
329
198
195
252
143
192
249
188
135
132
179
234
297
230
123
120
165
218
279
214
157
208
267
334
263
330
259
196
253
318
191
248
313
244
133
180
235
298
177
126
173
122
167
220
281
350
277
158
155
206
265
202
261
328
197
254
145
194
251
316
189
136
185
182
131
134
181
184
239
242
305
238
183
304
237
178
233
296
229
124
121
166
219
280
349
276
211
156
207
266
333
408
491
404
257
322
395
476
317
390
247
312
243
240
303
236
299
232
295
172
169
222
283
352
429
278
213
210
269
336
411
332
407
260
327
256
321
394
475
564
389
246
311
384
241
310
245
314
387
468
309
306
377
302
373
452
369
294
171
168
221
282
351
428
347
212
209
268
335
410
493
406
489
326
323
258
255
320
193
250
315
388
469
558
383
380
459
376
301
372
451
368
231
370
449
366
227
224
285
354
431
516
427
346
273
340
415
270
337
412
495
586
409
492
405
488
325
398
479
568
393
474
563
470
385
308
379
382
461
378
307
460
381
466
555
462
465
554
551
464
553
648
463
550
645
458
375
300
371
450
367
228
225
286
355
432
517
610
513
348
275
272
339
414
497
588
687
494
585
490
403
324
397
478
319
392
473
562
659
764
557
654
759
650
653
552
647
548
457
374
453
540
635
448
293
170
223
284
353
430
515
426
345
342
271
274
341
344
419
422
505
418
343
424
509
420
423
508
599
504
417
338
413
496
587
686
583
682
487
400
481
396
477
566
391
472
561
386
467
556
657
560
471
660
559
656
761
652
649
752
549
644
545
454
541
636
537
446
291
288
357
434
519
612
713
514
425
510
421
598
503
416
499
590
689
796
685
582
681
486
483
402
399
480
569
666
565
662
767
658
763
876
655
760
651
754
865
646
547
456
543
638
539
634
447
292
289
358
435
520
613
714
609
512
605
706
507
604
511
608
709
818
603
506
597
502
593
498
589
688
795
584
683
580
401
482
571
668
567
664
769
882
661
766
879
762
875
758
755
866
751
862
643
544
639
742
853
738
535
364
361
226
287
356
433
518
611
712
607
708
817
602
701
704
811
600
699
596
501
592
691
798
913
794
909
684
581
680
485
574
671
570
667
772
663
768
881
1002
765
878
999
874
757
868
753
864
749
546
455
542
637
538
633
534
363
360
437
522
615
716
825
942
711
606
707
816
601
700
807
696
803
594
693
500
591
690
797
912
793
908
789
578
575
672
777
572
669
774
665
770
883
1004
1133
880
1001
1130
877
998
873
756
867
986
863
748
641
744
855
740
851
632
445
290
359
436
521
614
715
824
941
710
819
936
705
702
809
698
595
694
801
916
1039
1170
911
792
907
788
577
484
573
670
775
888
771
884
1005
1134
1271
1000
1129
996
871
990
1117
1252
985
750
861
642
745
856
741
852
737
536
365
444
441
526
619
438
523
616
717
826
943
822
939
1064
935
814
929
810
703
928
813
934
1059
930
933
812
815
932
1055
1058
1189
1054
927
808
697
804
919
692
799
914
1037
910
791
906
679
576
579
678
675
780
893
776
889
1010
773
886
1007
1136
1003
1132
1269
1128
995
870
989
1116
1251
984
1111
860
979
746
857
640
743
854
739
850
631
532
529
362
439
524
617
718
827
944
823
940
1065
820
937
1062
1195
1336
1057
1188
931
1060
1193
1056
1187
1052
925
806
695
802
917
1040
1171
1036
1167
1032
905
786
783
674
779
892
1013
1142
887
1008
1137
1274
1419
1270
1415
1266
997
872
869
988
1115
1250
983
1110
859
978
1105
974
1101
970
735
628
443
440
525
618
719
828
945
1070
1203
1066
821
938
1063
1196
1337
1192
1331
1334
1481
1190
1329
1186
1051
924
805
920
1043
800
915
1038
1169
1034
1165
1030
787
676
781
894
673
778
891
1012
1141
1278
1009
1138
885
1006
1135
1272
1131
1268
1127
994
991
1118
987
1114
1249
982
747
858
977
1104
973
1100
849
630
531
528
621
722
831
948
1073
1206
1069
1202
1343
1198
1061
1194
1335
1332
1479
1328
1053
926
1049
922
1045
918
1041
1172
1311
1168
1033
790
1031
904
677
782
895
1016
1145
890
1011
1140
1277
1422
1273
1418
1571
1414
1265
1124
1121
1256
1399
1550
1253
1396
1113
1248
981
1108
1243
976
1103
972
1099
848
629
442
527
620
721
830
947
1072
1205
1068
1201
1342
1197
1338
1487
1644
1333
1480
1191
1330
1477
1326
1183
1048
921
1044
1175
1314
1461
1310
1035
1166
1305
1162
903
784
897
1018
1147
1014
1143
1280
1139
1276
1421
1574
1417
1570
1267
1126
993
1120
1255
1398
1549
1394
1247
980
1107
1242
975
1102
971
736
533
734
627
624
725
834
951
720
829
946
1071
1204
1067
1200
1341
1490
1647
1486
1643
1482
1485
1642
1639
1484
1641
1804
1483
1638
1801
1478
1327
1184
1323
1050
923
1046
1177
1042
1173
1312
1459
1308
1455
1164
1029
902
899
1020
1149
896
1017
1146
1283
1428
1279
1424
1275
1420
1573
1416
1569
1412
1125
992
1119
1254
1397
1548
1393
1112
1395
1546
1391
1244
1109
1390
1541
1386
1239
1382
1235
968
733
530
623
724
833
950
1075
1208
1349
1498
1345
1494
1199
1340
1489
1646
1811
1984
1807
1640
1803
1636
1799
1476
1185
1324
1181
1320
1047
1178
1317
1174
1313
1460
1309
1456
1611
1304
1161
1026
785
898
1019
1148
1015
1144
1281
1426
1579
1740
1423
1576
1737
1572
1733
1568
1411
1262
1259
1402
1553
1712
1879
1708
1545
1246
1389
1106
1241
1384
1237
1098
847
732
625
726
835
622
723
832
949
1074
1207
1348
1497
1344
1493
1650
1339
1488
1645
1810
1983
1806
1809
1982
1979
1808
1805
1976
1637
1800
1633
1474
1629
1322
1179
1318
1465
1176
1315
1462
1617
1458
1307
1454
1163
1028
901
1022
1151
1288
1433
1284
1429
1582
1425
1578
1739
1908
1575
1736
1905
1732
1413
1264
1123
1258
1401
1552
1711
1878
1547
1392
1245
1388
1539
1240
1383
1236
969
846
731
728
837
954
1079
1212
1353
1076
1209
1350
1499
1346
1495
1652
1491
1648
1813
1986
2167
2356
1981
2160
1977
1802
1635
1798
1475
1630
1325
1182
1321
1468
1623
1316
1463
1618
1781
1614
1777
1610
1303
1160
1025
900
1021
1150
1287
1432
1585
1282
1427
1580
1741
1910
1577
1738
1907
1734
1903
1730
1565
1408
1263
1122
1257
1400
1551
1710
1877
1706
1543
1702
1387
1538
1697
1534
1379
1096
845
626
727
836
953
1078
1211
1352
1501
1658
1347
1496
1653
1492
1649
1814
1987
2168
2357
2164
2161
1978
2157
1974
2153
1970
1631
1472
1627
1790
1467
1622
1785
1464
1619
1782
1615
1778
1457
1306
1453
1302
1027
1024
1153
1290
1435
1286
1431
1584
1745
1914
1581
1742
1911
2088
2273
1906
2083
1902
1567
1410
1261
1404
1555
1714
1881
2056
1709
1876
1705
1542
1701
1868
1537
1238
1381
1234
967
844
729
838
955
1080
1213
952
1077
1210
1351
1500
1657
1822
1995
1654
1819
1992
1651
1816
1989
1812
1985
2166
2355
2162
2165
1980
2159
2346
1975
2154
1971
1632
1473
1628
1469
1180
1319
1466
1621
1784
1955
1616
1779
1612
1775
1452
1301
1158
1155
1292
1023
1152
1289
1434
1285
1430
1583
1744
1913
2090
1909
2086
1735
1904
1731
1566
1409
1260
1403
1554
1713
1880
2055
2238
1875
1544
1703
1540
1385
1536
1695
1380
1097
966
843
840
957
1082
1215
1356
1505
1662
1827
1502
1659
1824
1655
1820
1993
2174
1815
1988
2169
2358
2555
2354
2351
2546
2347
2156
1973
1634
1797
1968
1793
1470
1625
1788
1959
1620
1783
1954
2133
1780
1613
1776
1609
1450
1159
1156
1293
1438
1591
1752
1587
1748
1917
2094
1743
1912
2089
2274
2085
2270
2081
1900
1727
1562
1559
1718
1405
1556
1715
1882
2057
2240
2053
1874
1707
2052
1873
2048
1869
1698
1535
1694
1531
1232
965
730
839
956
1081
1214
1355
1504
1661
1826
1999
1656
1821
1994
1817
1990
2171
2360
2557
2762
2553
2352
2547
2348
2543
2158
2345
2540
2155
1972
2151
1796
1967
1792
1471
1626
1789
1960
2139
1786
1957
2136
1953
2132
1949
1774
1451
1300
1157
1294
1439
1154
1291
1436
1589
1750
1919
1586
1747
1916
2093
2278
2471
2672
2275
2468
2087
2272
2465
2082
1901
1728
1563
1406
1557
1716
1883
2058
2241
2054
2237
2050
1871
1700
1867
1696
1533
1378
1095
964
841
958
1083
1216
1357
1506
1663
1354
1503
1660
1825
1998
2179
2368
2175
1818
1991
2172
2361
2558
2763
2554
2163
2350
2545
2748
2541
2342
2537
2150
1795
1966
1791
1624
1787
1958
2137
2324
2519
2134
1951
2130
1947
1608
1449
1298
1295
1440
1593
1754
1437
1590
1751
1920
2097
1746
1915
2092
2277
2470
2671
2466
2269
2080
1729
1564
1407
1558
1717
1884
2059
2242
2433
2632
2239
2430
2051
1704
2049
1870
1699
1866
2041
1862
1691
1376
1093
842
959
1084
1217
1358
1507
1664
1829
2002
2183
2372
1997
2178
2367
2564
2173
2362
2559
2170
2359
2556
2761
2552
2549
2752
2349
2544
2747
2344
2539
2152
1969
1794
1965
2144
1961
2140
2327
1956
2135
1952
2131
1948
1773
1606
1299
1296
1441
1594
1755
1924
2101
2286
1921
1588
1749
1918
2095
2280
2091
2276
2469
2670
2271
2464
2267
2078
1897
1724
1721
1888
2063
2246
1885
2060
2243
2434
2633
2840
2429
2234
2047
1872
2233
2046
2229
2042
1863
1532
1233
1094
963
960
1085
1218
1359
1508
1665
1830
2003
2184
2373
2000
1823
1996
2177
2366
2563
2768
2363
2560
2765
2978
3199
2760
2353
2548
2751
2962
3181
2746
2343
2538
2339
2148
2335
1964
2143
2330
2525
2138
2325
2520
2321
1950
2129
1946
1607
1448
1297
1442
1595
1756
1925
1592
1753
1922
2099
2284
2477
2096
2281
2474
2675
2884
3101
2880
2467
2084
