0
7
5
1
11
8
3
2
12
6
4
9
25
17
10
29
23
15
37
30
21
16
24
19
27
33
13
20
42
32
26
18
14
34
41
31
22
28
38
46
55
68
36
47
39
50
59
69
56
66
80
45
57
48
40
51
43
54
63
35
64
52
44
75
62
53
65
102
87
73
60
70
81
67
78
93
106
120
138
91
79
94
82
71
58
49
61
74
85
97
110
124
107
121
136
155
105
92
108
95
83
72
86
98
111
125
140
122
137
153
173
156
176
123
109
96
84
99
112
126
141
157
174
154
171
192
211
231
255
190
172
193
175
158
139
194
213
191
210
233
254
276
302
232
212
235
215
196
178
161
142
127
113
100
88
77
117
76
90
133
89
101
114
128
143
159
179
162
146
131
149
103
116
130
145
164
115
129
144
160
177
195
214
234
258
237
217
198
180
163
147
132
118
135
150
104
151
167
148
203
182
165
185
168
119
169
186
134
152
207
189
250
188
206
225
166
183
201
220
240
261
197
216
236
257
279
305
282
260
239
219
200
222
242
181
199
218
238
259
281
256
278
253
326
351
380
300
277
303
280
306
283
309
286
264
243
223
204
226
246
184
202
221
241
262
284
307
331
304
328
301
325
353
379
406
437
352
327
355
330
358
333
361
285
263
288
266
245
269
205
187
170
228
209
273
208
227
247
224
244
265
287
310
334
359
385
356
382
409
440
354
329
357
332
308
335
311
338
314
291
317
294
272
248
318
292
267
289
312
336
364
339
315
342
268
290
313
337
362
388
415
443
412
503
411
381
408
378
466
496
530
435
407
438
410
383
413
386
360
389
363
392
366
341
369
293
271
296
229
249
270
295
321
251
275
297
230
298
324
348
274
299
322
252
323
347
320
344
372
398
319
343
316
340
365
391
418
446
475
387
414
384
472
502
469
499
533
439
468
436
465
498
529
561
597
497
467
500
470
441
473
444
416
447
419
450
422
395
425
453
367
393
420
390
417
445
474
442
471
501
532
564
600
567
535
504
538
507
477
448
480
451
423
396
370
345
373
399
426
454
368
394
421
449
478
508
539
505
536
568
601
565
598
562
595
632
528
563
531
566
534
569
537
506
476
509
479
512
482
515
424
397
371
346
374
349
377
403
430
400
427
455
484
452
481
511
542
574
607
571
604
638
673
635
670
706
596
630
668
633
599
636
602
639
605
572
540
575
543
578
546
581
483
513
544
510
541
573
606
570
603
637
672
634
669
631
666
705
742
780
822
703
667
782
741
704
744
707
671
710
674
713
677
642
608
645
611
648
545
514
548
517
487
458
490
401
375
350
432
402
376
405
493
404
431
459
428
456
485
518
488
521
429
457
486
516
547
579
612
576
609
643
678
640
675
711
748
708
745
783
825
786
828
709
746
784
743
781
820
863
823
866
826
787
749
712
676
641
679
644
610
577
613
580
616
583
551
520
554
460
489
519
550
582
615
649
684
646
681
717
754
714
751
789
831
792
834
715
752
790
829
869
747
785
824
864
821
861
905
947
990
1037
903
862
906
865
909
868
912
788
750
791
753
716
680
719
683
722
686
651
614
723
687
652
549
584
552
587
555
461
433
464
558
463
492
522
553
585
618
655
621
588
491
462
434
525
495
592
494
524
624
523
557
526
560
663
559
591
556
659
622
586
619
653
688
650
685
647
682
718
755
793
832
872
913
955
827
867
908
950
993
1040
907
949
904
946
992
1036
1081
1130
991
948
994
951
997
954
1000
870
830
873
833
794
756
797
759
800
762
725
689
654
617
726
690
729
620
657
623
590
626
593
629
738
628
527
627
594
700
662
625
589
695
660
698
734
771
658
693
732
696
661
699
664
702
817
701
737
774
812
697
733
694
656
691
727
764
724
761
721
758
796
835
875
916
958
1001
871
915
874
918
877
837
795
757
720
760
798
840
801
763
804
766
807
692
728
765
803
842
882
839
879
836
876
917
959
914
956
911
953
996
1043
910
952
995
1039
1084
1133
1087
1042
998
1045
1090
1136
1183
1041
1086
1038
1083
1035
1177
1225
1277
1128
1082
1131
1085
1134
1088
1137
1091
1046
999
1138
1089
1044
1092
1047
1003
957
1093
1048
1004
961
919
878
838
799
841
802
844
805
767
730
770
808
847
887
928
884
925
881
922
964
1007
1051
1096
960
1006
963
921
880
924
883
843
886
846
889
768
731
849
810
769
890
850
811
773
736
776
739
779
900
778
665
777
740
858
816
775
735
772
813
852
892
933
809
848
806
845
885
926
968
923
965
920
962
1005
1049
1002
1141
1095
1050
1098
1053
1009
966
1012
969
927
972
930
975
1018
888
929
971
1014
1058
1011
1055
1008
1052
1097
1143
1094
1140
1187
1235
1184
1232
1181
1229
1178
1226
1275
1328
1176
1129
1179
1132
1182
1135
1185
1233
1282
1230
1279
1227
1276
1326
1380
1329
1383
1228
1180
1231
1280
1330
1381
1327
1378
1433
1486
1540
1598
1431
1379
1434
1382
1331
1278
1435
1488
1432
1485
1542
1597
1653
1713
1541
1487
1544
1490
1437
1385
1334
1281
1438
1386
1332
1492
1436
1384
1333
1283
1234
1186
1139
1189
1142
1192
1145
1099
1054
1010
967
1013
970
1016
973
931
976
934
893
853
814
856
896
937
979
851
891
932
974
1017
1061
1106
1152
1103
1149
1100
1146
1193
1241
1190
1238
1287
1337
1284
1441
1389
1335
1285
1236
1188
1239
1191
1144
1194
1147
1101
1056
1104
1059
1015
1062
1107
1153
1200
1057
1102
1148
1195
1243
1292
1240
1289
1237
1286
1336
1387
1439
1495
1442
1390
1339
1393
1342
1396
1242
1291
1341
1288
1338
1392
1444
1497
1551
1388
1440
1493
1547
1602
1658
1489
1543
1601
1546
1604
1549
1607
1552
1498
1445
1501
1340
1290
1343
1293
1244
1196
1247
1199
1250
1105
1060
1108
1063
1019
1066
1022
1069
935
894
854
815
857
818
860
987
859
899
940
982
855
895
936
978
1021
1065
1110
1156
1203
1251
1300
1151
1198
1246
1295
1345
1399
1245
1197
1150
1298
1249
1201
1154
1204
1157
1111
1160
1020
977
1023
980
938
897
941
983
1026
1070
1115
1067
1112
1064
1109
1155
1202
1253
1205
1158
1208
1161
1211
1068
1024
981
939
898
942
901
945
1078
944
819
943
902
1032
986
1029
1073
1118
1164
1025
1072
1028
985
1031
988
1034
1173
1033
1077
1030
984
1027
1071
1116
1162
1113
1159
1206
1254
1303
1353
1404
1350
1297
1248
1402
1348
1508
1347
1294
1344
1395
1447
1500
1554
1391
1443
1496
1550
1605
1661
1491
1545
1600
1656
1716
1659
1603
1548
1494
1663
1720
1660
1717
1657
1714
1654
1711
1772
1596
1655
1599
1774
1833
1771
1830
1893
1712
1770
1832
1773
1715
1776
1718
1779
1721
1664
1608
1553
1499
1446
1394
1449
1397
1346
1296
1349
1299
1352
1302
1355
1305
1256
1308
1259
1114
1163
1117
1166
1120
1075
1123
1169
1216
1074
1119
1165
1212
1260
1209
1257
1306
1356
1407
1252
1301
1351
1405
1354
1304
1255
1207
1258
1210
1261
1213
1264
1313
1363
1310
1360
1307
1357
1408
1460
1513
1457
1510
1454
1507
1451
1504
1448
1614
1556
1502
1559
1505
1452
1400
1455
1403
1458
1406
1461
1409
1358
1412
1361
1311
1262
1214
1167
1121
1076
1124
1079
1127
1272
1126
989
1125
1080
1222
1172
1219
1267
1122
1168
1215
1263
1312
1362
1309
1359
1410
1462
1515
1459
1512
1456
1401
1453
1398
1450
1503
1557
1612
1668
1609
1665
1606
1662
1719
1777
1836
1896
1957
2019
1831
1891
1955
1894
1834
1775
1837
1778
1840
1781
1723
1666
1610
1555
1613
1558
1616
1561
1619
1564
1622
1567
1625
1570
1516
1463
1411
1466
1414
1469
1417
1366
1316
1369
1217
1170
1220
1268
1317
1265
1314
1364
1415
1467
1520
1464
1517
1571
1514
1568
1511
1565
1620
1562
1617
1673
1730
1670
1611
1667
1724
1782
1841
1901
1838
1898
1835
1895
1956
1892
1953
2018
2081
2145
2213
2016
1954
2147
2080
2017
2083
2020
1958
1897
1961
1900
1964
1780
1722
1783
1725
1786
1728
1671
1615
1560
1506
1563
1509
1566
1621
1677
1618
1674
1731
1789
1848
1669
1726
1784
1843
1903
1967
1906
1846
1787
1729
1672
1732
1675
1735
1678
1738
1681
1741
1569
1624
1680
1737
1795
1734
1792
1851
1911
1972
1788
1727
1785
1844
1904
1965
2027
1839
1899
1960
2022
2085
2149
2082
2146
2211
2280
2214
2283
2084
2021
1959
2024
1962
2155
2088
2025
1963
1902
1842
1905
1845
1908
1969
2031
1966
2028
2091
2158
2094
2161
1968
1907
1847
1910
1850
1791
1733
1676
1736
1679
1623
1682
1626
1685
1629
1574
1632
1465
1413
1468
1416
1365
1315
1266
1218
1171
1221
1174
1224
1375
1223
1271
1320
1370
1421
1367
1418
1470
1523
1577
1635
1580
1526
1473
1529
1368
1318
1269
1321
1371
1422
1474
1419
1471
1524
1578
1521
1575
1518
1572
1627
1683
1740
1798
1857
1917
1854
1914
1975
1790
1849
1909
1970
2032
2095
2029
2092
2026
2089
2023
2086
2150
2215
2281
2212
2278
2348
2416
2485
2558
2346
2279
2349
2282
2216
2148
2350
2418
2347
2415
2487
2557
2628
2703
2486
2417
2489
2420
2352
2285
2219
2151
2087
2154
2090
2157
2093
2030
2096
2033
1971
2036
1974
1913
1853
1794
1856
1797
1739
1800
1742
1803
1628
1573
1519
1576
1522
1579
1525
1472
1420
1475
1423
1372
1319
1270
1322
1273
1325
1482
1324
1175
1323
1274
1428
1374
1425
1477
1530
1584
1527
1581
1636
1692
1633
1689
1630
1686
1743
1801
1860
1920
1981
1796
1855
1793
1852
1912
1973
2035
2098
2162
2227
2159
2224
2156
2221
2153
2218
2284
2351
2419
2488
2561
2491
2422
2217
2152
2220
2286
2353
2421
2490
2560
2631
2706
2634
2563
2493
2424
2356
2289
2223
2292
2226
2295
2229
2164
2097
2034
2100
2037
2103
2040
1978
2043
2106
1915
1976
2038
2101
2165
2230
2296
2363
2160
2225
2291
2222
2288
2355
2423
2492
2562
2633
2559
2630
2556
2776
2850
2928
2701
2629
2704
2632
2707
2635
2564
2494
2425
2354
2287
2357
2290
2360
2293
2501
2429
2358
2426
2495
2565
2636
2708
2781
2705
2778
2702
2775
2852
2927
3003
3083
2851
2777
2854
2780
2857
2783
2710
2638
2567
2497
2428
2500
2431
2503
2294
2228
2163
2099
2166
2102
2039
1977
1916
1980
1919
1859
1922
1862
1684
1744
1687
1631
1690
1634
1693
1637
1582
1528
1585
1531
1478
1426
1481
1429
1484
1537
1376
1427
1373
1424
1476
1532
1479
1535
1589
1644
1586
1641
1583
1638
1694
1751
1691
1748
1688
1745
1806
1865
1925
1986
1802
1861
1799
1858
1918
1979
2041
2104
2168
2233
2299
2366
2434
2506
2297
2231
2300
2234
2169
2105
2042
2108
2045
1983
2048
2111
1921
1982
2044
2107
2171
2236
2302
2369
2167
2232
2298
2365
2433
2362
2430
2359
2427
2496
2566
2637
2709
2782
2856
2779
2853
2931
3007
3084
3004
3081
3162
2926
3005
2929
3008
2932
3011
2935
2860
2786
2713
2641
2570
2644
2573
2361
2432
2364
2435
2367
2438
2370
2303
2237
2172
2240
2175
2243
2046
1984
1923
1863
1804
1746
1807
1749
1810
1752
1695
1639
1698
1642
1587
1533
1480
1536
1483
1539
1593
1430
1594
1649
1591
1534
1588
1643
1699
1640
1696
1753
1811
1750
1808
1747
1805
1864
1924
1985
2047
2110
2174
2239
2305
2372
2170
2235
2301
2368
2436
2505
2575
2502
2572
2499
2569
2640
2712
2785
2859
2934
3010
3087
2855
2930
3006
3086
3009
2933
2858
2784
2711
2639
2568
2498
2571
2642
2714
2787
2861
2936
3012
3089
3167
3246
3164
3243
3161
3240
3323
3082
3160
3242
3163
3085
3166
3088
3169
3091
3014
2938
2863
2789
2716
2792
2719
2647
2576
2650
2579
2509
2437
2651
2577
2504
2574
2645
2717
2790
2864
2939
3015
3092
3170
3249
3329
3410
3165
3244
3324
3241
3321
3405
3487
3570
3657
3403
3322
3406
3325
3245
3328
3248
3331
3090
3013
2937
2862
2788
2715
2643
2718
2646
2721
2649
2578
2508
2439
2371
2304
2238
2173
2109
2176
2112
2049
1987
1926
1866
1929
1869
1932
1872
1813
1755
1816
1758
1701
1645
1590
1648
1704
1761
1819
1878
1700
1757
1697
1754
1812
1871
1809
1868
1928
1989
2051
2114
2178
2246
2050
1988
1927
1867
1930
1870
1933
1873
1814
1756
1817
1759
1702
1646
1705
1762
1820
1879
1939
1876
1936
1997
2059
1994
2056
1991
2053
2116
2180
2113
2177
2242
2308
2375
2443
2512
2440
2654
2580
2507
2724
2652
2581
2511
2442
2374
2307
2241
2310
2244
2179
2115
2052
1990
2055
1993
2058
1996
1935
1875
1938
1999
1815
1874
1934
1995
1931
1992
2054
2117
2181
2249
2184
2120
2057
2123
2060
1998
1937
1877
1818
1760
1703
1647
1592
1538
1377
