0
11
14
31
28
51
10
13
34
95
190
247
312
385
244
133
242
239
376
301
372
233
370
295
232
173
228
367
230
171
226
223
358
285
220
355
282
217
352
283
218
115
44
73
20
71
40
17
36
15
18
3
12
1
22
75
46
117
48
77
24
79
50
81
118
221
286
225
292
229
296
451
298
235
302
373
236
131
238
241
310
245
388
315
250
193
318
191
252
195
256
197
194
319
192
253
196
259
200
331
494
585
794
1035
792
583
492
409
262
203
334
497
588
797
912
685
582
491
328
199
258
255
320
397
478
667
566
391
248
313
472
565
772
885
664
475
316
251
394
569
670
481
672
571
778
673
484
675
574
577
400
325
322
257
402
581
490
403
580
791
1032
1305
1452
1163
1302
1027
784
1021
1154
1439
1152
899
676
575
578
487
682
793
584
405
260
201
264
151
206
265
202
261
406
493
688
495
412
337
500
595
806
921
694
499
590
411
266
153
208
211
346
277
212
111
214
113
42
19
38
35
60
93
32
57
54
85
26
53
30
91
58
33
16
39
66
101
198
329
408
263
204
335
268
209
274
271
342
503
340
415
498
589
800
915
1038
795
586
689
496
691
592
803
918
1175
1466
1787
1962
2145
2532
2951
3170
2947
3166
2943
3162
2939
3158
2935
3154
2931
3382
2933
2718
2315
1944
1605
1772
1451
1160
901
1158
1155
1442
1445
1766
1763
1932
2297
2112
1935
2300
2115
2306
2303
2502
2919
3142
2923
2712
2309
1938
2121
2312
2715
2930
3379
2928
3151
2932
3155
2936
3159
2940
3163
2944
3167
2948
3171
2952
3175
2742
2339
1968
1793
1472
1181
922
697
502
593
802
591
414
269
210
345
512
427
278
351
432
521
436
525
618
435
524
439
442
289
224
227
364
533
736
535
448
539
634
851
1100
973
738
631
536
445
532
361
530
527
438
523
616
433
518
615
522
619
526
441
622
529
732
625
842
1091
964
845
1094
967
848
1097
970
735
628
847
1098
1237
972
1103
852
975
1106
855
978
1109
1392
1245
1542
1391
1706
2051
1872
2235
2052
2429
2238
1875
2054
1709
1394
1545
1248
1395
1112
863
748
545
454
375
304
307
466
555
462
379
382
463
552
757
652
551
460
645
550
553
648
751
548
457
642
547
378
381
556
763
1002
765
882
661
560
471
314
387
468
557
762
875
1130
1415
1572
1733
1902
1567
1728
1409
1122
1403
1718
2063
2442
2645
3070
3293
3066
2639
2244
2057
1712
1397
1548
1251
1398
1115
866
649
868
871
1124
1121
1404
1261
1406
1725
1408
1727
2078
2459
2262
2661
3090
3319
3094
3323
3098
3327
3102
3331
3106
3335
2890
3107
3336
2891
2682
2895
3340
2893
3110
3573
3814
3337
2892
3339
2894
3111
3574
3341
2896
3343
2898
3115
3344
2899
3346
3579
3118
2897
3114
2685
2484
2291
2688
3119
2902
3123
3348
2903
3350
3583
3122
3347
2900
2687
3116
3577
3818
4067
4594
4069
4326
3817
3338
3571
3334
3813
4062
3567
3330
3563
3326
3097
3322
3093
3318
3555
4050
4577
4854
4581
4054
3559
3804
4053
3558
3095
3324
3099
3328
3103
3332
3811
3570
3333
3566
3807
3562
4057
4318
4061
4322
4065
4590
4063
3810
4059
3806
4055
3802
4051
3798
4047
3554
3091
3320
3799
4310
4853
5138
4857
4314
3803
4312
4855
4582
5141
5434
4861
5146
5737
6046
5741
5150
4865
5438
5145
4586
4863
5436
5733
5142
4585
4058
4319
4862
4589
4866
4323
4066
4327
4070
3575
3342
3819
3578
3823
3582
4075
3822
4333
4598
4071
4596
4331
4074
3581
3826
4337
4602
4875
4334
3825
4078
3585
3352
2907
3354
3587
3126
3351
2904
2691
2292
1927
2294
2105
1754
1435
1752
1433
1148
893
1018
781
898
1151
1436
1755
1438
1757
2108
1759
1594
1291
1150
895
674
897
780
1017
892
1145
1430
1281
1012
775
568
665
888
771
1008
769
562
469
558
465
554
655
878
1133
1418
1575
1272
1421
1136
883
766
1005
768
563
474
317
390
249
392
477
668
889
1142
1427
1278
1009
884
1139
1424
1275
1578
1425
1742
1581
1428
1745
2096
1747
1582
1279
1138
1423
1576
1911
2088
1739
1422
1135
880
659
470
559
384
311
246
135
56
87
52
83
80
121
222
287
290
365
294
231
368
293
446
291
288
357
284
353
280
215
348
515
612
825
942
821
712
607
822
709
818
705
506
421
418
343
424
509
708
511
604
817
1062
815
702
809
598
601
508
505
700
703
812
1057
1188
1191
1332
1485
1812
1487
1338
1491
1818
1991
2172
1815
1992
1651
1994
2175
2364
2565
2986
3211
2772
2985
2562
2983
3438
3679
3210
3443
2990
3215
2994
3219
2998
3223
3692
3451
3218
3447
3214
2775
2992
3213
3446
2991
2568
2989
3442
2987
3440
3207
2982
3203
2978
3199
2974
3195
2970
3419
2968
3187
2964
3183
2960
3179
2956
2745
2342
1971
1632
1799
1478
1187
928
1185
1054
811
814
931
1060
1193
1488
1335
1190
1481
1484
1641
1638
1805
1482
1333
1192
1189
1480
1635
1802
1639
1808
1483
1644
1813
1648
1339
1198
1065
820
711
824
945
828
613
430
349
514
611
826
943
1068
823
610
517
614
827
718
831
948
1211
1078
833
724
955
1218
1081
836
727
528
531
444
629
534
447
538
637
542
745
544
643
860
979
856
741
976
857
640
541
742
853
1104
1243
1108
859
982
1249
984
861
644
747
858
981
862
985
1252
1551
1400
1715
2060
1881
1550
1253
1118
869
754
651
760
877
654
759
872
1127
1412
1125
1262
1411
1730
2081
2462
2265
2664
2877
2464
2669
2468
2085
1736
1905
2082
1731
1414
1129
1000
1271
1134
881
658
561
662
473
