1
14
7
3
6
4
8
5
10
2
9
17
28
43
13
15
26
24
11
20
32
48
29
44
63
25
12
21
34
18
30
45
27
16
31
19
35
22
39
57
36
23
37
54
75
51
71
95
68
91
65
46
69
49
33
53
74
50
70
47
66
89
116
42
40
58
80
55
38
56
77
102
131
52
72
96
124
93
120
90
64
87
41
59
81
107
78
103
132
100
128
97
73
101
76
104
79
108
82
60
62
88
115
61
83
109
139
106
135
168
205
165
129
98
126
158
123
92
119
150
185
147
85
111
141
175
138
105
134
167
204
164
200
99
127
159
195
94
67
152
118
149
184
86
84
110
140
174
137
170
207
248
133
166
130
162
198
238
125
157
122
153
188
227
117
148
114
112
142
176
214
173
136
169
206
247
203
163
199
160
196
236
193
154
189
151
186
225
183
113
143
177
215
257
212
171
208
249
294
246
202
242
286
161
197
237
194
155
190
229
187
226
269
223
145
179
217
259
305
256
211
252
297
346
399
343
291
243
287
240
284
332
281
156
121
230
191
234
278
231
192
232
275
322
272
319
370
224
182
180
218
260
306
356
213
172
209
250
295
344
292
244
288
241
201
245
290
338
390
335
387
239
283
331
280
233
276
323
273
320
270
317
267
146
144
178
216
258
304
255
210
251
296
345
293
342
395
339
391
336
285
333
282
235
279
327
378
324
274
228
271
318
268
222
220
262
308
358
412
355
302
253
298
347
400
457
397
341
289
337
389
334
386
442
383
328
277
434
376
325
379
438
382
330
385
441
501
329
381
326
377
432
374
429
371
426
368
314
221
263
309
359
413
471
410
353
300
349
402
459
520
456
396
340
392
448
508
445
505
569
384
440
500
437
496
559
493
431
373
428
487
425
367
265
311
181
219
261
307
357
411
354
301
350
403
460
521
586
398
455
516
452
512
449
393
453
514
450
394
451
511
575
643
446
506
443
503
567
635
439
380
435
494
557
375
321
372
427
369
315
313
264
266
316
485
423
421
364
366
424
483
365
312
362
416
474
536
602
533
468
407
351
299
254
303
469
408
465
405
352
409
467
406
463
524
348
401
458
519
584
653
454
515
580
648
577
510
447
388
444
504
568
636
565
498
561
495
433
492
430
489
552
486
549
616
422
420
363
310
360
414
472
534
600
531
466
527
592
404
461
522
587
656
729
517
582
651
579
647
576
509
573
641
570
638
710
502
566
499
436
629
562
633
705
497
560
627
698
624
554
488
551
618
548
482
480
419
477
539
361
415
473
535
470
532
598
529
594
526
462
523
588
657
585
654
727
804
581
513
721
646
578
649
725
652
583
518
730
807
888
973
726
650
722
798
719
644
716
507
571
639
711
787
708
784
563
630
701
776
558
625
555
622
693
619
690
484
547
545
611
542
608
417
475
537
603
673
747
670
597
528
464
525
590
659
732
809
890
655
728
805
886
802
882
799
720
645
574
642
714
790
870
637
709
634
706
631
702
628
699
774
556
490
553
620
550
617
688
614
481
543
478
540
606
676
750
828
601
671
745
530
595
664
737
661
589
658
731
808
889
974
1063
803
723
967
880
797
718
794
715
640
572
792
713
789
869
786
707
632
564
785
865
782
703
778
700
626
697
491
696
771
850
621
692
767
689
615
613
544
479
418
476
538
604
674
748
826
599
669
596
665
593
662
735
812
893
978
1067
975
887
806
1065
976
891
810
733
660
591
663
736
813
894
979
1068
1161
1258
1158
1062
970
885
801
724
800
883
971
1060
968
881
965
878
795
875
959
872
956
712
788
868
952
1040
783
704
779
858
941
855
773
695
770
849
932
691
766
845
763
546
684
686
764
843
685
612
682
609
679
753
831
605
675
749
672
746
824
743
666
739
816
897
982
734
811
892
977
1066
1159
1256
972
884
969
1057
966
879
796
717
793
873
957
1045
954
867
951
864
781
860
943
857
775
854
772
694
623
852
935
1022
768
847
765
687
762
760
683
610
541
607
677
751
829
911
997
908
823
742
668
741
818
738
815
896
981
1070
1163
1260
1160
1064
1157
1061
1154
1058
1150
1055
964
877
961
874
791
871
955
1043
1135
866
950
863
780
859
777
856
939
853
936
1023
769
848
931
1018
928
842
840
759
837
756
834
916
678
752
830
912
827
909
995
744
667
740
817
898
814
895
980
1069
1162
1259
1360
1465
1357
1253
1153
1249
1349
1056
1148
1053
962
1050
1142
1047
1139
1044
953
1041
1133
1038
947
861
944
1031
1122
1028
938
1025
1116
851
934
1021
1112
846
929
1016
926
761
839
758
681
755
833
915
1001
1091
998
1088
825
907
822
903
819
900
985
1074
1167
1071
1164
1261
1362
1467
1359
1255
1155
1059
1151
1247
1347
1054
963
876
960
1048
1140
1236
1137
1042
1134
1039
948
1035
945
862
949
1037
946
1033
1124
1030
940
1027
937
1024
1115
1210
933
1020
930
844
927
925
1011
922
1008
757
680
754
832
914
1000
1090
1184
910
996
1086
993
904
820
901
986
1075
983
1072
1165
1262
1363
1468
1577
1257
1358
1254
1355
1251
1152
1248
1149
1245
1146
1051
1143
1239
958
1046
1138
1234
1334
1231
1132
1228
1129
1224
1126
1032
942
1029
1120
1026
1117
1212
1114
1209
1111
1017
1108
1014
841
923
838
920
835
917
1003
1093
1187
913
999
1089
1183
1281
994
905
990
902
821
906
992
1081
989
1078
1171
899
984
1073
1166
1263
1364
1469
1361
1466
1575
1463
1156
1464
1356
1252
1352
1456
1564
1453
1346
1243
1144
1049
1141
1237
1337
1441
1136
1232
1332
1229
1130
1225
1127
1036
1131
1227
1128
1034
1125
1220
1319
1217
1119
1214
1313
1211
1113
1019
1110
1205
1107
1105
1012
1102
1009
1099
836
918
1004
1094
1188
1286
1185
1283
1182
1085
1179
1082
1175
1079
987
1076
1169
1266
1367
1472
1581
1694
1578
1691
1808
1688
1572
1460
1568
1457
1350
1250
1353
1461
1570
1458
1351
1455
1348
1452
1147
1052
1344
1241
1145
1244
1560
1449
1342
1242
1345
1673
1558
1447
1340
1240
1343
1450
1561
1676
1792
1451
1559
1448
1341
1238
1338
1235
1335
1439
1547
1230
1330
1434
1327
1430
1324
1222
1321
1219
1121
1216
1118
1213
1312
1415
1309
1207
1109
1015
1013
924
1010
921
1007
1097
1191
1289
1002
1092
1186
1284
1386
1087
1181
1084
991
1080
988
1077
1170
1267
1368
1264
1365
1470
1579
1692
1576
1689
1573
1686
1354
1459
1567
1679
1795
1454
1562
1246
1563
1675
1791
1672
1557
1446
1339
1443
1336
1233
1333
1437
1545
1657
1328
1431
1325
1223
1322
1425
1123
1218
1317
1215
1314
1417
1311
1414
1308
1206
1305
1203
1201
1104
1106
1204
1303
1301
1200
1103
1197
1100
1194
919
1005
1095
1189
1287
1389
1495
1605
1282
1384
1279
1178
1275
1376
1272
1172
1269
1370
1475
1168
1265
1366
1471
1580
1693
1810
1690
1574
1462
1571
1684
1800
1681
1566
1678
1794
1914
2038
1674
1790
1671
1556
1445
1553
1442
1550
1662
1778
1438
1331
1435
1543
1226
1329
1433
1326
1429
1323
1221
1320
1423
1530
1420
1527
1638
1524
1635
1310
1208
1307
1410
1304
1202
1404
1299
1198
1101
1195
1098
1192
1290
1392
1498
1608
1285
1387
1493
1603
1280
1382
1083
1176
1273
1173
1270
1371
1476
1585
1473
1582
1695
1812
1933
1809
1930
1806
1927
1803
1683
1799
1680
1565
1677
1793
1913
2037
1910
1787
1668
1784
1444
1552
1664
1549
1661
1546
1658
1774
1655
1540
1651
1537
1427
1534
1424
1318
1421
1315
1418
1525
1636
1522
1412
1306
1409
1516
1406
1624
1511
1402
1297
1196
1294
1193
1096
1006
1292
1394
1500
1190
1288
1390
1496
1606
1720
1385
1491
1180
1278
1177
1274
1174
1271
1372
1268
1369
1474
1583
1696
1813
1934
2059
1931
1807
1687
1804
1925
1569
1685
1802
1682
1798
1918
2042
1915
2039
1912
1789
1670
1555
1667
1783
1903
1551
1440
1548
1660
1776
1436
1544
1656
1541
1652
1538
1428
1535
1646
1532
1422
1316
1419
1526
1416
1523
1413
1520
1631
1517
1407
1405
1300
1199
1509
1400
1295
1397
1503
1613
1291
1393
1499
1609
1723
1388
1494
1604
1718
1383
1489
1380
1485
1377
1276
1381
1487
1378
1277
1379
1484
1593
1481
1373
1478
1587
1700
1584
1697
1814
1935
1811
1932
2057
1929
1805
1926
2051
1923
2047
1920
1797
1917
2041
2169
2301
2166
2035
1908
1785
1666
1554
1669
1788
1911
2299
2164
2033
1906
1786
1909
2036
2167
2302
2170
2305
1916
1796
1919
2043
2171
2040
2168
2300
2165
2034
1907
2031
1904
1781
1665
2029
1902
1779
1663
1782
1905
2032
2160
2292
2157
1780
1900
1777
1897
2021
1894
1542
1653
1539
1432
1769
1654
1773
1893
1770
1889
1767
1649
1764
1426
1533
1644
1759
1641
1756
1875
1753
1872
1750
1632
1518
1408
1302
1512
1403
1298
1620
1507
1398
1293
1395
1501
1611
1725
1391
1497
1607
1721
1839
1492
1602
1716
1599
1486
1595
1483
1375
1480
1589
1477
1586
1699
1816
1937
2062
2191
2324
2188
2056
1928
2053
2182
2050
1922
2046
2174
2306
2442
2303
2439
2579
2436
2297
2162
2294
2159
2028
1901
2025
1898
1775
1659
2023
1896
2020
2148
1771
1890
1768
1650
1536
1647
1762
1881
1531
1642
1528
1639
1754
1873
1751
1633
1519
1630
1745
1627
1625
1739
1622
1736
1401
1296
1618
1505
1396
1502
1612
1726
1844
1966
1841
1963
1838
1717
1600
1490
1836
1715
1598
1488
1601
1959
1834
1713
1596
1709
1826
1482
1374
1479
1588
1701
1818
1698
1815
1936
2061
2190
2058
2187
2055
2184
2052
1924
2048
1921
1801
2177
2049
2181
2314
2178
2310
2175
2044
2172
2304
2440
2580
2437
2298
2163
2295
2431
2030
2158
2027
2155
2024
2152
2284
1895
1772
1891
2014
1888
1766
1648
1763
1645
1760
1879
1529
1640
1755
1637
1752
1634
1749
1411
1521
1870
1748
1867
1990
1628
1514
1740
1623
1510
1856
1735
1621
1508
1399
1733
1616
1506
1619
1977
1852
1731
1614
1504
1617
1734
1855
1737
1858
1980
2106
2236
1853
1732
1615
1729
1847
1969
1610
1724
1842
1964
2090
1719
1837
1962
1840
1722
1843
1965
2091
2221
2088
2218
1835
1714
1597
1710
1594
1707
1591
1704
1821
1942
2067
1939
2064
2193
2326
2463
2060
2189
2322
2186
2054
2183
2316
2180
2312
2448
2309
2445
2045
2173
2308
2176
2311
2179
2315
2452
2592
2449
2313
2453
2594
2450
2590
2447
2587
2444
2584
2441
2581
2438
2578
2435
2296
2161
2293
2429
2290
2426
2026
1899
2287
2423
2022
2150
2019
1892
2015
2142
2012
1886
2009
1883
1761
1643
1758
1877
2000
1874
1997
1871
1994
1868
1746
1865
1515
1513
1742
1864
1987
1626
1744
1629
1747
1866
1989
1863
1861
1983
2109
1738
1859
1741
1743
1862
1860
1982
1857
1979
1854
1976
1851
1730
1848
1727
1845
1967
2093
2223
2357
2220
2087
1958
1833
1712
1829
1950
2075
1708
1592
1705
1822
1702
1819
1940
2065
2194
2327
2464
2605
2461
2321
2185
2318
2455
2596
2741
2593
2737
2885
2734
2882
2446
2307
2443
2583
2727
2875
2724
2577
2434
2574
2718
2571
2428
2289
2154
2286
2151
2283
2419
2018
2145
2276
2411
2013
1887
1765
1884
2007
2134
2004
1878
2001
2128
1998
2125
1995
1869
1992
2119
2250
2116
1986
1984
2110
1981
2107
1978
2104
1975
1850
1972
2098
1728
1846
1968
2094
2224
2358
2496
2089
1960
2086
1957
1832
1711
1828
1949
1825
1946
1590
1703
1820
1941
1817
1938
2063
2192
2325
2462
2603
2459
2319
2456
2597
2742
2891
2451
2591
2735
2588
2732
2585
2729
2582
2726
2874
2723
2576
2433
2573
2430
2291
2156
2288
2153
2285
2421
2282
2147
2016
2143
2274
2140
2010
2137
2268
1882
2005
2132
2002
1876
1757
2130
2003
1880
2006
2133
2264
2399
2261
2127
2258
2124
2255
2121
1991
2118
1988
2115
2113
2243
2377
2240
2374
2237
2371
2234
2101
2231
1849
1971
2097
2227
2361
2499
2092
2222
2356
1961
2355
2493
2352
2215
2082
1953
2078
2207
1827
1948
1824
1945
2070
2199
2332
2196
2329
2466
2607
2752
2604
2460
2320
2457
2317
2454
2595
2740
2888
3040
3196
2736
2589
2733
2586
2730
2878
3030
3186
2725
2873
2722
2575
2432
2572
2716
2569
2713
2566
2710
2563
2420
2281
2146
2277
2412
2551
2141
2011
1885
2008
2135
2266
2401
2263
2129
1999
2126
1996
2123
1993
2120
2251
2117
2248
2114
2112
2242
2376
2239
2373
2511
2105
2235
2102
1973
2099
1970
2096
2226
2360
2498
2640
2495
2354
2217
2084
1955
1830
1951
2076
2205
2073
1706
1823
1944
2069
2198
2066
2195
2328
2465
2606
2751
2323
2750
2602
2458
2599
2744
2893
3046
2890
2738
2886
3038
2883
3035
2880
3032
2877
3029
3185
3026
2871
2720
2868
2717
2570
2427
2567
2424
2564
2708
2561
2149
2562
2422
2565
2425
2568
2712
2860
2709
2857
2706
2559
2416
2278
2144
2017
2414
2279
2418
2558
2415
2280
2704
2557
2417
2556
2699
2553
2696
2275
2410
2272
2138
2269
2404
2543
2686
2265
2131
2262
2397
2259
2394
2256
2122
2253
2388
2527
2385
2247
1985
2111
2241
2108
2238
2372
2510
2103
1974
2100
2230
2364
2502
2095
2225
2359
2497
2639
2494
2353
2216
2083
1954
2079
2208
2341
2478
2074
2203
2071
1943
2068
2197
2330
2467
2608
2753
2902
3055
2899
2747
2896
3049
2598
2743
2892
3045
2889
3041
3197
3357
2884
3036
2881
3033
3189
2728
2876
3028
3184
3025
2870
2719
2867
3019
2864
3016
2861
3013
2858
2707
2560
3008
2853
2702
2849
3000
2554
2697
2844
2694
2273
2139
2270
2136
2267
2402
2541
2684
2538
2396
2535
2393
2532
2390
2252
2387
2249
2384
2246
2244
2378
2516
2375
2513
2655
2801
2370
2233
2367
2505
2647
2228
2362
2500
2642
2788
2938
2785
2636
2491
2085
1956
1831
1952
2077
2206
2339
1947
2072
2201
2334
2471
2331
2468
2609
2754
2903
3056
2900
2748
2600
2745
2894
3047
3204
3044
3200
2739
2887
3039
3195
3355
3192
2731
2879
3031
3187
3347
3511
3027
2872
2721
2869
3021
2866
2715
2863
3015
3171
2711
2859
3011
2856
2705
3165
3006
2851
2701
2555
2413
2552
2695
2549
2407
2546
2689
2836
2403
2542
2400
2539
2682
2260
2395
2257
2392
2254
2389
2528
2386
2525
2383
2381
2519
2661
2807
2658
2804
2954
2512
2654
2509
2368
2506
2365
2503
2645
2791
2941
3095
2641
2787
2638
2219
2637
2492
2351
2214
2081
2210
2343
2480
2340
2204
2337
2474
2615
2200
2333
2470
2611
2756
2905
3058
3215
3376
2901
2749
2601
2746
2895
3048
3205
3366
3202
3042
3198
3358
3522
3037
3193
3034
3190
3350
3514
3682
3854
3345
3182
3023
3179
3020
2865
2714
2862
3014
3170
3330
3167
3327
2854
2703
2850
2700
2847
2998
3153
2995
2550
2408
2547
2405
2544
2687
2834
2985
2540
2398
2537
2680
2534
2677
2531
2674
2821
2671
2818
2668
2522
2245
2379
2517
2659
2514
2656
2802
2653
2508
2650
2232
2366
2229
2363
2501
2643
2789
2939
2786
2936
2783
2634
2489
2348
2211
2344
2481
2622
2767
2619
2475
2335
2202
2338
2765
2617
2473
2336
2476
2620
2479
2342
2209
2080
2212
2345
2482
2623
2768
2917
2477
2618
2763
2912
2472
2613
2469
2610
2755
2904
3057
3214
3054
2898
3051
3208
3369
3534
3703
3203
3043
3199
3359
3523
3356
3520
3353
3517
3685
3188
3348
3512
3680
3183
3024
3180
3340
3177
3018
3174
3334
3498
3331
3168
3009
3493
3326
3163
3004
2852
3003
3158
3317
2848
2698
2845
2996
2842
2409
2271
2406
2545
2688
2835
2685
2832
2983
2829
2679
2533
2391
2530
2673
2820
2670
2524
2382
2380
2518
2660
2515
2657
2803
2953
2800
2369
2507
2649
2504
2646
2792
2942
3096
3254
3093
3251
2784
2635
2490
2349
2487
2346
2213
2347
2484
2625
2770
2919
3072
2621
2766
2915
3068
2616
2761
2910
2758
2907
3060
3217
3378
3543
3375
3211
3372
2897
3050
3207
3368
3533
3365
3201
3361
3525
3693
3865
3690
3194
3354
3191
3351
3515
3683
3855
3346
3510
3343
3507
3022
3178
3338
3175
3335
3172
3332
3169
3010
2855
3007
3166
3329
3496
3012
3497
3333
3173
3017
3176
3336
3500
3668
3840
3665
3494
3662
3491
3324
3161
3005
3160
3002
3157
2999
3154
3313
2843
2693
2840
2690
2837
2988
3143
3302
2833
2683
2830
2981
2536
2982
2828
2678
2825
2675
2529
2672
2526
2669
2523
2521
2663
2809
2959
2806
2956
3110
3268
3107
2652
2798
2948
2795
2945
3099
2644
2790
2940
3094
2937
3091
2934
2781
2350
2488
2630
2485
2626
2771
2920
3073
3230
3070
2914
2762
2614
2759
2908
3061
3218
3379
3544
3713
3213
3053
3210
3371
3536
3705
3206
3367
3532
3364
3528
3696
3868
3360
3524
3692
3521
3689
3518
3686
3858
3349
3513
3681
3853
3344
3181
3341
3505
3673
3502
3670
3499
3667
3839
3664
3836
3328
3492
3325
3162
3321
3159
3001
3156
3315
2846
2997
3152
2994
2548
2691
2838
2989
3144
2986
3141
3300
2831
2681
3138
2980
2826
2676
2823
2974
3129
2971
2817
2667
2665
2520
2662
2808
2958
2805
2955
3109
2952
2799
2949
2796
2946
2793
2943
3097
3255
3417
3252
3414
2935
2782
2633
2779
2929
2486
2627
2483
2624
2769
2918
3071
3228
2764
2913
3066
3223
2760
2612
2757
2906
3059
3216
3377
3542
3374
3539
3052
3209
3370
3535
3704
3877
3701
3529
3362
3526
3694
3866
3691
3863
3688
3860
3352
3516
3684
3856
4032
4212
3679
3508
3676
3848
3339
3503
3671
3843
4019
4199
3666
3495
3663
3835
3660
3164
3661
3490
3323
3486
3320
3483
3650
3480
3314
3155
3648
3478
3312
3150
2692
2839
2990
3145
2987
3142
2984
3139
3298
3136
2978
2824
2975
3130
2972
3127
2969
2815
2813
2664
2666
2816
2967
2965
2812
2814
2968
3123
3121
2964
2811
2961
3115
3273
3112
3270
3432
3267
3106
2651
2797
2648
2794
2944
3098
3256
3418
3253
3092
3250
3089
2932
3086
2631
2777
2628
2773
2922
3075
3232
3393
3229
3069
2916
3391
3227
3067
2911
3064
3221
3382
3547
3716
3889
4066
3886
3710
3538
3373
3212
3711
3884
3708
3881
4058
3878
3702
3530
3698
3527
3363
3531
3700
3872
3697
3869
4045
4225
4042
4222
4039
3519
3687
3859
4035
4215
4399
4587
4030
3509
3342
3506
3674
3846
3337
3501
3669
3841
4017
3838
4014
4194
4011
3832
3657
3489
3322
3485
3319
3482
3316
3479
3646
3476
3310
2841
2992
3147
3306
3469
3303
3466
3633
3140
3299
3137
2979
3134
2976
2822
2973
2819
2970
3125
3284
3122
3120
2963
2810
2960
3114
2957
3111
3269
3108
2951
3105
3263
3102
3260
3422
3257
3419
3585
3416
3582
3413
3248
3087
2632
2778
2629
2774
2923
3076
3233
3394
3559
3728
3556
3388
3224
3385
2909
3062
3219
3380
3545
3714
3887
4064
3540
3709
3537
3706
3879
4056
3876
4053
3873
4049
3870
3695
3867
4043
3864
4040
3861
4037
4217
4034
4214
4031
3852
3677
3849
4025
3504
3672
3844
4020
4200
4384
4197
4381
3837
4013
3834
3659
3488
3655
3826
3652
3823
3318
3481
3651
3484
3654
3487
3658
3830
4005
3827
3653
3824
3999
3821
3647
3477
3311
3149
2991
3146
3305
3468
3635
3465
3632
3462
3296
2827
3297
3135
2977
3132
3291
3454
3288
3126
3285
3448
2966
3124
3283
3281
3443
3278
3117
3275
3437
3272
3434
3600
3431
3266
3428
2950
3104
2947
3101
3259
3421
3587
3757
3584
3415
3581
3090
2933
2780
2930
3084
2927
2775
2924
2772
2921
3074
3231
3392
3557
3389
3225
3065
3222
3383
3548
3717
3890
4067
4248
3712
3885
4062
3882
4059
4240
4425
4237
4422
3874
4050
3871
3699
3875
4052
4232
4416
4229
4046
4226
4410
4223
4407
3862
4038
4218
4402
3857
4033
4213
4397
4210
3678
3850
3675
3847
4023
4203
4387
3842
4018
4198
4015
4195
4012
3833
4009
4189
3656
3831
4007
3828
4003
3825
4000
3822
3997
3819
3645
3151
2993
3148
3307
3470
3304
3467
3301
3464
3631
3461
3295
3133
3292
3455
3289
3452
3286
3449
3616
3446
3444
3279
3118
3276
3438
3604
3113
3271
3433
3599
3430
3265
3427
3262
3424
3590
3100
3258
3420
3586
3756
3583
3753
3580
3411
3246
3085
2928
3081
2925
2776
3239
3079
2926
3082
3243
3405
3240
3080
3237
3077
3234
3395
3560
3729
3902
3390
3226
3387
3552
3384
3220
3063
3550
3719
3892
3381
3546
3715
3888
4065
3541
