0
93
94
98
102
104
110
107
111
116
119
118
121
122
123
123
124
125
125
125
124
126
126
126
125
130
131
132
134
134
136
137
139
139
140
141
142
143
143
145
146
146
147
147
148
148
148
149
150
150
150
151
151
152
152
153
153
154
154
154
155
156
156
157
157
157
158
159
159
160
160
161
161
162
162
163
163
163
164
165
165
166
166
166
167
167
167
168
169
169
169
170
171
171
170
171
171
172
172
172
172
173
173
174
174
174
175
175
176
177
177
177
178
178
179
180
181
183
184
185
186
187
188
188
190
190
192
193
194
195
196
197
198
199
200
200
201
202
203
204
205
205
206
207
208
209
210
210
212
213
214
216
216
218
219
220
221
221
223
224
225
226
226
227
228
229
229
230
231
231
232
232
233
233
234
235
235
236
237
238
238
238
238
238
239
240
239
239
239
238
237
236
237
233
231
229
227
226
225
223
219
219
218
216
216
214
213
212
212
211
211
211
211
211
212
212
212
212
213
213
213
213
213
212
212
211
211
210
206
205
206
208
209
210
211
211
212
212
212
212
212
211
212
211
210
209
209
208
207
207
206
206
205
205
205
206
206
207
207
207
207
208
209
209
209
209
210
210
210
211
211
212
212
211
212
213
213
212
213
213
213
214
213
213
212
212
212
212
211
211
211
211
211
211
210
210
208
206
205
204
203
201
200
197
194
190
187
183
178
171
167
156
150
141
137
133
131
127
127
124
124
120
121
120
119
119
118
116
117
117
115
115
115
114
114
114
114
113
113
112
111
112
111
111
111
110
110
110
109
109
109
108
108
108
108
107
107
106
106
105
105
104
103
103
103
102
101
101
100
100
100
99
99
98
98
97
96
96
95
94
94
93
92
92
92
91
90
90